digital: 70.05728101730347
camera: 63.875202655792236
canon: 53.79892921447754
mp: 49.64586567878723
nikon: 47.830992698669434
slr: 45.931694984436035
sony: 44.55785942077637
lt: 37.998433113098145
http: 29.718397855758667
t.co: 29.65730857849121